MariaDB [modbus_test_rig]> select * from device_remote_control_test;
+--------------+----------------+---------------------------------------------------+---------------+---------------------+-------------+--------------+---------------+-----------------+
| test_id      | test_timestamp | device_id                                         | device_status | device_motor_status | unit_status | t_on_c_break | t_off_c_break | t_reset_c_break |
+--------------+----------------+---------------------------------------------------+---------------+---------------------+-------------+--------------+---------------+-----------------+
| 7e30790321e7 | 2022-04-22     | ["Schneider Electric", "LV434011", "003.009.010"] |             1 |                  27 |           0 |            1 |             1 |               1 |
+--------------+----------------+---------------------------------------------------+---------------+---------------------+-------------+--------------+---------------+-----------------+
1 row in set (0.000 sec)


MariaDB [modbus_test_rig]> select * from device_measurement_test;
+----------------+--------------+----------------+--------------+----------------------------------------+----------------------+----------------+---------------------+------------------+-------------------+------------------+------------------+-------------------+-----------+---------------------+---------------+---------------------------------+
| measurement_id | test_id      | test_timestamp | probe_number | voltage                                | voltage_unbalance    | current        | current_unbalance   | power            | reactive_power    | apparent_power   | efficiency       | base_efficiency   | frequency | base_reactive_force | distortion    | global_harm_distortion          |
+----------------+--------------+----------------+--------------+----------------------------------------+----------------------+----------------+---------------------+------------------+-------------------+------------------+------------------+-------------------+-----------+---------------------+---------------+---------------------------------+
| 7e30790321e7-0 | 7e30790321e7 | 2022-04-22     |            0 | [408, 407, 234, 236, 235, 407, 235, 0] | [0, 1, -1, -3, 2, 1] | [14, 7, 13, 0] | [221, -390, 169, 0] | [32, 16, 30, 78] | [-6, -5, -8, -19] | [28, 17, 31, 76] | [97, 95, 96, 96] | [100, 97, 97, 98] | [500]     | [-4, -8, -14, 0]    | [4, 5, 14, 6] | [6, 16, 19, 12, 0, 15, 0, 0, 0] |
| 7e30790321e7-1 | 7e30790321e7 | 2022-04-22     |            1 | [408, 407, 234, 236, 235, 407, 235, 0] | [0, 1, -1, -3, 2, 1] | [14, 7, 13, 0] | [221, -390, 169, 0] | [32, 16, 30, 78] | [-6, -5, -8, -19] | [28, 17, 31, 76] | [97, 95, 96, 96] | [100, 97, 97, 98] | [500]     | [-4, -8, -14, 0]    | [4, 5, 14, 6] | [6, 16, 19, 12, 0, 15, 0, 0, 0] |
| 7e30790321e7-2 | 7e30790321e7 | 2022-04-22     |            2 | [408, 407, 234, 236, 235, 407, 235, 0] | [0, 1, -1, -3, 2, 1] | [14, 7, 13, 0] | [221, -390, 169, 0] | [32, 16, 30, 78] | [-6, -5, -8, -19] | [28, 17, 31, 76] | [97, 95, 96, 96] | [100, 97, 97, 98] | [500]     | [-4, -8, -14, 0]    | [4, 5, 14, 6] | [6, 16, 19, 12, 0, 15, 0, 0, 0] |
| 7e30790321e7-3 | 7e30790321e7 | 2022-04-22     |            3 | [408, 407, 234, 236, 235, 407, 235, 0] | [0, 1, -1, -3, 2, 1] | [14, 7, 13, 0] | [221, -390, 169, 0] | [32, 16, 30, 78] | [-6, -5, -8, -19] | [28, 17, 31, 76] | [97, 95, 96, 96] | [100, 97, 97, 98] | [500]     | [-4, -8, -14, 0]    | [4, 5, 14, 6] | [6, 16, 19, 12, 0, 15, 0, 0, 0] |
| 7e30790321e7-4 | 7e30790321e7 | 2022-04-22     |            4 | [408, 407, 234, 236, 235, 407, 235, 0] | [0, 1, -1, -3, 2, 1] | [14, 7, 13, 0] | [221, -390, 169, 0] | [32, 16, 30, 78] | [-6, -5, -8, -19] | [28, 17, 31, 76] | [97, 95, 96, 96] | [100, 97, 97, 98] | [500]     | [-4, -8, -14, 0]    | [4, 5, 14, 6] | [6, 16, 19, 12, 0, 15, 0, 0, 0] |
| 7e30790321e7-5 | 7e30790321e7 | 2022-04-22     |            5 | [408, 407, 234, 236, 235, 407, 235, 0] | [0, 1, -1, -3, 2, 1] | [14, 7, 13, 0] | [221, -390, 169, 0] | [32, 16, 30, 78] | [-6, -5, -8, -19] | [28, 17, 31, 76] | [97, 95, 96, 96] | [100, 97, 97, 98] | [500]     | [-4, -8, -14, 0]    | [4, 5, 14, 6] | [6, 16, 19, 12, 0, 15, 0, 0, 0] |
| 7e30790321e7-6 | 7e30790321e7 | 2022-04-22     |            6 | [408, 407, 234, 236, 235, 407, 235, 0] | [0, 1, -1, -3, 2, 1] | [14, 7, 13, 0] | [221, -390, 169, 0] | [32, 16, 30, 78] | [-6, -5, -8, -19] | [28, 17, 31, 76] | [97, 95, 96, 96] | [100, 97, 97, 98] | [500]     | [-4, -8, -14, 0]    | [4, 5, 14, 6] | [6, 16, 19, 12, 0, 15, 0, 0, 0] |
| 7e30790321e7-7 | 7e30790321e7 | 2022-04-22     |            7 | [408, 407, 234, 236, 235, 407, 235, 0] | [0, 1, -1, -3, 2, 1] | [14, 7, 13, 0] | [221, -390, 169, 0] | [32, 16, 30, 78] | [-6, -5, -8, -19] | [28, 17, 31, 76] | [97, 95, 96, 96] | [100, 97, 97, 98] | [500]     | [-4, -8, -14, 0]    | [4, 5, 14, 6] | [6, 16, 19, 12, 0, 15, 0, 0, 0] |
| 7e30790321e7-8 | 7e30790321e7 | 2022-04-22     |            8 | [408, 407, 234, 236, 235, 407, 235, 0] | [0, 1, -1, -3, 2, 1] | [14, 7, 13, 0] | [221, -390, 169, 0] | [32, 16, 30, 78] | [-6, -5, -8, -19] | [28, 17, 31, 76] | [97, 95, 96, 96] | [100, 97, 97, 98] | [500]     | [-4, -8, -14, 0]    | [4, 5, 14, 6] | [6, 16, 19, 12, 0, 15, 0, 0, 0] |
| 7e30790321e7-9 | 7e30790321e7 | 2022-04-22     |            9 | [408, 407, 234, 236, 235, 407, 235, 0] | [0, 1, -1, -3, 2, 1] | [14, 7, 13, 0] | [221, -390, 169, 0] | [32, 16, 30, 78] | [-6, -5, -8, -19] | [28, 17, 31, 76] | [97, 95, 96, 96] | [100, 97, 97, 98] | [500]     | [-4, -8, -14, 0]    | [4, 5, 14, 6] | [6, 16, 19, 12, 0, 15, 0, 0, 0] |
+----------------+--------------+----------------+--------------+----------------------------------------+----------------------+----------------+---------------------+------------------+-------------------+------------------+------------------+-------------------+-----------+---------------------+---------------+---------------------------------+
10 rows in set (0.000 sec)
